image_width: 1280
image_height: 720
camera_name: omo_r1mini_camera
camera_matrix:
  rows: 3
  cols: 3
  data: [1296.788061, 0.000000, 645.203356, 0.000000, 1296.425985, 354.363684, 0.0, 0.0, 1.0]
distortion_model: plumb_bob
distortion_coefficients:
  rows: 1
  cols: 5
  data: [0.222279, -0.374931, -0.004548, -0.000289, 0.000000]
rectification_matrix:
  rows: 3
  cols: 3
  data: [1.000000, 0.000000, 0.000000, 0.000000, 1.000000, 0.000000, 0.000000, 0.000000, 1.000000]
projection_matrix:
  rows: 3
  cols: 4
  data: [1342.611572, 0.000000, 644.921892, 0.000000,0.000000, 1339.215210, 351.710688, 0.000000,0.000000, 0.000000, 1.000000, 0.000000]

